46.034138287713176 73.58220186394395 103.58220186394395 133.58220186394396 163.58220186394396 180 55.2451565089116 85.2451565089116 115.2451565089116 145.2451565089116 146.44646483528695 70.53603750040597 100.53603750040597 130.53603750040597 160.53603750040597 180 65.46760142369732 95.46760142369732 125.46760142369732 155.46760142369732 180
180 180 180 98.55591842100634 5.3190950683057014 35.3190950683057 65.3190950683057 95.3190950683057 125.3190950683057 155.3190950683057 68.23346246674403 98.23346246674403 128.23346246674402 158.23346246674402 180 180 180 23.325784847743005 32.597764964252384 62.597764964252384 92.59776496425238
180 75.6972698865182 105.6972698865182 135.6972698865182 59.55547912539231 89.55547912539231 80.02258395010521 110.02258395010521 140.02258395010523 104.63524229271297 134.63524229271297 164.63524229271297 110.23237104716137 95.67048788863035 125.67048788863035 155.67048788863036 85.11072989629554 115.11072989629554 145.11072989629554 160.79447741089274 113.7450045168959
180 180 180 166.7700793481715 180 180 31.127279451095387 61.12727945109539 91.12727945109539 115.21396462695866 79.87451002083901 109.87451002083901 139.874510020839 4.9763793716897275 34.97637937168973 64.97637937168973 94.97637937168973 29.56117540306145 59.561175403061455 89.56117540306145 55.93345299142337
180 106.91035569317162 136.91035569317162 114.32079845962679 144.3207984596268 36.01134780778204 66.01134780778204 96.01134780778204 126.01134780778204 156.01134780778204 180 180 61.379018332522605 91.3790183325226 113.19059722035936 143.19059722035936 7.6778079696019175 34.42040646531888 64.42040646531888 94.42040646531888 124.42040646531888
180 180 180 180 180 180 99.55007604522949 100.6491132864181 130.6491132864181 160.6491132864181 143.7639564798471 173.7639564798471 180 180 180 180 50.68865727427434 80.68865727427433 110.68865727427433 140.68865727427433 170.68865727427433
180 180 180 180 180 140.3941326069863 86.89022952203435 65.02244770915371 95.02244770915371 125.02244770915371 147.66157439356232 177.66157439356232 180 167.717738306551 180 12.654690105907346 42.65469010590735 72.65469010590735 12.649401050068647 42.64940105006865 72.64940105006865
19.1971816668826 49.1971816668826 79.1971816668826 109.1971816668826 139.1971816668826 169.1971816668826 53.889728805550746 83.88972880555075 113.88972880555075 143.88972880555076 24.88931243403051 8.09580203781152 38.095802037811524 68.09580203781152 98.09580203781152 128.09580203781152 158.09580203781152 178.27954404026153 180 113.71597984276278 130.43459485284885
180 98.6848207292308 128.6848207292308 8.095495146028373 38.09549514602837 68.09549514602837 98.09549514602837 16.969605713999016 46.969605713999016 76.96960571399902 106.96960571399902 136.96960571399902 153.77438987969123 120.30184874892093 150.30184874892092 180 180 180 51.46129557705679 81.46129557705679 6.988049305776438
180 180 134.05855512503697 164.05855512503697 180 3.837592235821541 33.83759223582154 63.83759223582154 45.270422628118595 75.2704226281186 105.2704226281186 79.49583706267322 109.49583706267322 139.49583706267322 169.49583706267322 64.30801909765637 94.30801909765637 3.4455152547851053 33.44551525478511 63.44551525478511 93.44551525478511
165.99416673474502 8.782404435189836 37.09628150224761 67.0962815022476 1.7142640709555002 31.7142640709555 61.7142640709555 91.7142640709555 121.7142640709555 151.7142640709555 180 180 180 180 30.23133394057764 60.23133394057764 90.23133394057764 120.23133394057764 138.0146551878668 109.63643223950677 139.63643223950677
180 180 180 88.9123078947833 118.9123078947833 148.91230789478328 178.91230789478328 49.75938717118919 79.75938717118919 19.76068207224256 49.76068207224256 79.76068207224256 109.76068207224256 56.90712344127435 86.90712344127435 116.90712344127435 128.54951864653424 158.54951864653424 180 15.292332103376541 45.29233210337654
180 27.08249602565447 57.08249602565447 87.08249602565448 117.08249602565448 147.08249602565448 177.08249602565448 180 177.14227037823102 180 180 180 131.75131297654778 16.356297054065703 46.356297054065706 76.3562970540657 71.21932266886425 101.21932266886425 131.21932266886427 161.21932266886427 180
56.96283392459521 86.9628339245952 116.9628339245952 146.9628339245952 75.82641745446227 39.42839686439574 69.42839686439574 99.42839686439574 129.42839686439572 7.543372959474479 37.54337295947448 67.54337295947448 97.54337295947448 127.54337295947448 157.54337295947448 180 160.45174625493814 68.73495572304611 98.73495572304611 128.7349557230461 158.7349557230461
52.83907432408033 82.83907432408033 112.83907432408033 36.57863040191797 66.57863040191796 96.57863040191796 113.13017508416198 143.13017508416198 173.13017508416198 180 180 180 103.157167648485 133.157167648485 94.47204455986092 115.2000037932272 145.2000037932272 155.67939812637456 92.70594718846252 122.70594718846252 152.70594718846252
4.442367599846286 34.442367599846285 64.44236759984628 2.0662668125161865 32.06626681251619 62.06626681251619 92.06626681251619 96.42258003541556 80.0855310354032 110.0855310354032 140.08553103540322 126.62826668647541 155.33658776393165 97.79079637820557 127.79079637820557 157.79079637820558 63.25454151458661 93.2545415145866 123.2545415145866 153.2545415145866 129.54538400851965
2.2801086769742085 32.28010867697421 16.858178230729663 46.85817823072966 76.85817823072966 106.85817823072966 99.16634896022649 23.275059110666604 53.275059110666604 83.2750591106666 113.2750591106666 143.2750591106666 105.65373906749683 135.65373906749682 165.65373906749682 8.878945152432088 38.87894515243209 68.8789451524321 98.8789451524321 32.218897967857465 62.218897967857465
180 39.83656303784573 0.07434388292106409 30.074343882921063 60.07434388292106 90.07434388292106 120.07434388292106 66.80464345488362 96.80464345488362 126.80464345488362 156.8046434548836 180 180 121.58375219980203 78.86473730090236 108.86473730090236 138.86473730090236 114.82814590505562 66.3762357498669 78.75980802923418 53.93627342684199
180 180 180 180 180 180 180 60.57862450942699 90.57862450942699 120.57862450942699 72.45789129762784 50.865576622959196 80.8655766229592 80.47224692948087 110.47224692948087 54.06203562722075 84.06203562722075 114.06203562722075 144.06203562722075 174.06203562722075 167.9291731219662
158.60322983479264 180 180 180 180 180 34.310588280152864 64.31058828015287 49.931945523451986 79.93194552345199 5.2153646318240465 35.215364631824045 65.21536463182404 95.21536463182404 125.21536463182404 133.59817171922708 119.62862380362844 149.62862380362844 134.670585911605 42.79340575136776 72.79340575136776
103.83506102625803 122.7338793894131 152.73387938941312 78.29043562231612 108.29043562231612 138.29043562231612 168.29043562231612 180 180 121.74260933057167 145.96522413658582 175.96522413658582 63.749397110283866 93.74939711028387 123.74939711028387 153.74939711028387 180 180 180 180 167.00792675856857
133.18473239168975 78.51040415404466 33.68168706925628 63.68168706925628 93.68168706925627 55.309899340583115 85.30989934058312 30.813404685410568 60.81340468541057 90.81340468541057 120.81340468541057 150.81340468541057 134.1633485777869 164.1633485777869 180 180 180 180 129.12695953247 159.12695953247 180
180 180 112.11242293270223 27.967593556542 43.46447611123229 50.46060569000587 80.46060569000588 110.46060569000588 140.46060569000588 170.46060569000588 180 180 180 91.98753574184799 121.98753574184799 151.98753574184798 180 180 93.14734515192652 123.14734515192652 153.14734515192652
151.53471609194662 180 180 180 180 180 180 2.608388062585365 32.60838806258536 40.461204869832336 70.46120486983233 100.46120486983233 130.46120486983233 160.46120486983233 1.8514374403150669 31.851437440315067 61.85143744031507 91.85143744031507 121.85143744031507 151.85143744031507 180
54.31446960533924 3.125820934429644 33.12582093442964 63.12582093442964 93.12582093442964 123.12582093442964 153.12582093442964 180 122.57313402897097 152.57313402897097 125.20267663469156 155.20267663469156 90.8755429811836 77.95531091947599 107.95531091947599 95.23236164533422 105.04588737458405 58.41589658160963 88.41589658160963 83.24876701496052 113.24876701496052
78.12452093476062 108.12452093476062 87.8581009048312 117.8581009048312 100.24851617442995 106.35334578371524 136.35334578371524 166.35334578371524 35.28045239941196 65.28045239941196 95.28045239941196 45.34069941227093 75.34069941227094 77.82023646259121 107.82023646259121 137.8202364625912 167.8202364625912 33.45798129866936 63.45798129866936 93.45798129866935 123.45798129866935
180 180 180 180 21.42908674373649 51.42908674373649 81.42908674373649 62.9928848919488 92.99288489194879 122.99288489194879 122.40176396471992 40.40705113976267 70.40705113976267 100.40705113976267 130.40705113976267 57.06094104107913 87.06094104107913 117.06094104107913 147.06094104107913 177.06094104107913 180
37.61245699585736 67.61245699585736 97.61245699585736 49.61666970285739 79.6166697028574 109.6166697028574 125.08569165847797 155.08569165847797 180 180 101.9563965230866 131.9563965230866 161.9563965230866 37.80250848072821 67.8025084807282 97.8025084807282 127.8025084807282 7.95150418359988 37.95150418359988 22.89654874098277 52.896548740982766
180 180 180 180 64.9905143087072 94.9905143087072 124.9905143087072 154.9905143087072 179.87455828888676 96.52518223813533 126.52518223813533 156.52518223813533 2.234478743558883 32.23447874355888 62.23447874355888 92.23447874355888 122.23447874355888 148.11652994123997 149.48497033723652 179.48497033723652 180
56.383775937635974 86.38377593763597 116.38377593763597 146.38377593763596 176.38377593763596 180 82.80440812100449 112.80440812100449 142.80440812100449 163.77529939535498 180 180 34.12152438545262 4.676739666281082 34.67673966628108 64.67673966628108 94.67673966628108 124.67673966628108 154.6767396662811 180 61.65678607221968
180 180 130.21752717347718 160.21752717347718 20.05233645090197 43.09405122783636 73.09405122783636 103.09405122783636 73.92293071279298 103.92293071279298 133.92293071279298 74.59656040394906 104.59656040394906 134.59656040394907 164.59656040394907 89.7719249719567 119.7719249719567 6.175037515950952 6.758399370509531 36.75839937050953 66.75839937050952
180 146.764592240645 176.764592240645 44.41495518110385 74.41495518110385 104.41495518110385 134.41495518110384 83.68527822490807 3.5216793877281205 33.52167938772812 63.52167938772812 93.52167938772811 123.52167938772811 153.5216793877281 180 152.20476220813444 55.32652318657264 85.32652318657264 60.38659822276132 90.38659822276132 93.02512860023357
180 180 180 6.363049210668539 36.363049210668535 66.36304921066854 96.36304921066854 126.36304921066854 138.86285628008028 168.86285628008028 127.7719802076178 137.8966965125792 167.8966965125792 76.10340692569783 106.10340692569783 57.12831401742954 87.12831401742955 117.12831401742955 50.50874351448465 28.77279840015783 53.10724331142324
180 180 180 180 67.74013120521246 97.74013120521246 24.455950315814178 54.45595031581418 84.45595031581418 114.45595031581418 144.45595031581416 76.70027938353903 106.70027938353903 136.70027938353903 166.70027938353903 65.7981911269003 64.73733082795759 94.73733082795759 72.00645644199594 64.3053759488041 68.24125361401269
52.29152790901111 42.27098336170193 72.27098336170192 102.27098336170192 14.498667786633646 44.498667786633646 74.49866778663365 40.49144386419156 70.49144386419155 100.49144386419155 84.95875930859538 114.95875930859538 144.95875930859538 129.90401634403165 55.83777192933119 85.83777192933118 115.83777192933118 145.83777192933118 175.83777192933118 72.42679389939276 102.42679389939276
52.85624054508196 82.85624054508196 112.85624054508196 20.067806304522556 50.067806304522556 80.06780630452255 70.91196913507036 100.91196913507036 94.21870464987943 70.42604846265239 100.42604846265239 130.42604846265237 46.97895930956947 76.97895930956946 59.92060245947753 39.42994698361748 69.42994698361747 99.42994698361747 129.42994698361747 159.42994698361747 180
180 139.65238810975828 169.65238810975828 180 26.327865547231738 56.32786554723174 86.32786554723174 116.32786554723174 114.37239188187374 144.37239188187374 174.37239188187374 34.07843658272216 29.394702361462272 59.39470236146227 4.580538499315048 34.58053849931505 15.735692791346176 45.735692791346175 75.73569279134617 105.73569279134617 135.73569279134617
180 153.8470646464161 94.89447743771021 124.89447743771021 23.2389368144188 53.2389368144188 83.23893681441879 113.23893681441879 143.2389368144188 173.2389368144188 128.31867462174873 158.31867462174873 180 180 96.06132219031312 126.06132219031312 156.06132219031312 117.97322606587167 46.65777072487738 76.65777072487738 106.65777072487738
71.18558400766723 101.18558400766723 131.18558400766722 161.18558400766722 36.36463436620107 66.36463436620107 96.36463436620107 126.36463436620107 156.36463436620107 180 64.41217070432731 94.41217070432731 124.41217070432731 79.73372932824684 109.73372932824684 139.73372932824685 169.73372932824685 180 180 180 180
37.8812149668132 67.88121496681319 97.88121496681319 127.88121496681319 100.79409983498013 128.91664167512195 158.91664167512195 29.294740567517216 24.644910788037166 54.644910788037166 84.64491078803717 114.64491078803717 75.14149985823698 105.14149985823698 135.14149985823698 165.14149985823698 180 180 32.94676317149449 62.94676317149449 92.9467631714945
180 137.73841740656957 167.73841740656957 71.59486709900456 101.59486709900456 131.59486709900455 123.365617395454 153.365617395454 3.73050174695452 33.730501746954516 63.730501746954516 93.73050174695452 123.73050174695452 153.73050174695453 180 30.567491257492815 60.56749125749282 90.56749125749282 120.56749125749282 30.24651577125897 60.24651577125897
180 9.30328794223501 39.30328794223501 41.87398474299872 26.859136615548532 56.859136615548536 86.85913661554854 116.85913661554854 146.85913661554855 176.85913661554855 161.13176892643992 180 180 106.4329270446798 136.4329270446798 166.4329270446798 6.170970332136294 36.17097033213629 66.17097033213629 96.17097033213629 41.20444383048736
114.54594607670134 144.54594607670134 95.3730972405131 125.3730972405131 155.37309724051312 6.402180067295649 28.69338397540983 58.69338397540983 88.69338397540983 118.69338397540983 148.69338397540983 96.12192247419328 126.12192247419328 156.1219224741933 180 180 146.19426560477717 176.19426560477717 180 23.769002382362146 53.769002382362146
111.91098137557138 141.9109813755714 118.88505829259717 87.37812258181467 117.37812258181467 147.37812258181467 177.37812258181467 180 180 29.92489859557946 59.924898595579464 89.92489859557946 27.635452329573663 57.63545232957367 87.63545232957367 117.63545232957367 147.63545232957367 177.63545232957367 180 180 180
180 180 180 180 180 180 61.87622725411042 91.87622725411042 44.79860507002492 67.27275771963582 97.27275771963582 127.27275771963582 75.35481711511898 105.35481711511898 134.52105762714984 80.38989423554187 55.43868921631746 85.43868921631746 115.43868921631746 124.82103324929525 13.374962151552317
6.834488838245969 36.83448883824597 66.83448883824596 39.91597897517135 12.961110447972306 42.9611104479723 72.9611104479723 102.9611104479723 132.96111044797232 162.96111044797232 180 137.33155780351157 167.33155780351157 180 150.4474504562657 180 180 75.06131001613785 61.11844639188933 91.11844639188934 60.309589945777724
180 54.62423831711814 84.62423831711814 17.732930466753466 47.732930466753466 77.73293046675346 23.51150228562688 53.511502285626875 83.51150228562688 113.51150228562688 143.51150228562688 93.83874750959075 123.83874750959075 27.02631786026818 57.02631786026818 87.02631786026818 117.02631786026818 20.842654623037106 50.842654623037106 80.8426546230371 110.8426546230371
59.38553475954508 89.38553475954508 84.24319808534865 114.24319808534865 16.538281609809303 46.5382816098093 76.5382816098093 24.081719894182633 54.08171989418263 84.08171989418264 114.08171989418264 94.19174376588856 124.19174376588856 154.19174376588856 180 133.75368702363843 163.75368702363843 180 79.91812457119313 109.91812457119313 139.91812457119312
101.20255942618087 131.20255942618087 115.02307718167484 145.02307718167484 132.80318234107608 162.80318234107608 61.577267065118384 91.57726706511838 121.57726706511838 101.31007282373248 87.6127885794391 117.6127885794391 147.6127885794391 177.6127885794391 180 90.70148407442174 120.70148407442174 150.70148407442173 105.16464230600053 135.16464230600053 165.16464230600053
73.68755128098883 103.68755128098883 133.68755128098883 24.03292838385008 54.03292838385008 84.03292838385008 114.03292838385008 144.03292838385008 33.7219715644961 63.7219715644961 39.41451100662151 69.41451100662151 72.16045136429585 102.16045136429585 32.839320684634956 62.839320684634956 92.83932068463496 122.83932068463496 152.83932068463497 180 153.90893270031924
131.6974331720916 161.6974331720916 180 180 52.21721801623818 82.21721801623818 112.21721801623818 142.21721801623818 172.21721801623818 180 52.96779111763148 82.96779111763148 22.38374637143673 52.38374637143673 82.38374637143673 112.38374637143673 131.08173501424642 161.08173501424642 18.90993052695231 48.90993052695231 78.90993052695231
151.23684310044823 26.714716099738695 56.714716099738695 86.7147160997387 116.7147160997387 146.7147160997387 176.7147160997387 180 127.66371448116925 26.602709678329916 56.602709678329916 86.60270967832992 12.24707458216626 42.24707458216626 72.24707458216626 102.24707458216626 132.24707458216625 162.24707458216625 151.2053337616056 114.02678771322952 141.36573159444396
88.28130558007402 118.28130558007402 148.28130558007402 178.28130558007402 180 180 131.53538702738658 151.4081314789821 11.794940731805582 41.79494073180558 31.417478776326128 61.41747877632613 91.41747877632613 120.55100507120927 150.55100507120926 84.55835565032247 4.653313654840527 34.65331365484053 64.65331365484053 94.65331365484053 124.65331365484053
44.57044947152394 74.57044947152394 104.57044947152394 134.57044947152394 164.57044947152394 180 180 180 180 100.98332001994324 46.570938876904194 76.5709388769042 106.5709388769042 133.57736974100288 73.53089558013674 103.53089558013674 133.53089558013676 163.53089558013676 180 77.19106568607212 102.04937544852595
180 140.59540481810757 170.59540481810757 56.81925982329277 47.23559202751063 41.08276964886491 71.08276964886491 79.5719517154966 109.5719517154966 56.72644093472961 86.72644093472961 116.72644093472961 146.72644093472962 17.403969222721344 47.403969222721344 77.40396922272134 107.40396922272134 103.10255441581768 47.90579600128146 77.90579600128146 107.90579600128146
180 7.413817879931863 37.41381787993186 67.41381787993186 97.41381787993186 127.41381787993186 157.41381787993186 104.32620259222792 87.81585044751141 94.65963950792823 124.65963950792823 0.37763302281747624 30.377633022817477 60.37763302281748 88.76853401794463 104.41333505304725 134.41333505304726 139.22299652627254 56.805349315933576 86.80534931593357 116.80534931593357
28.577323721738498 0.492413079975611 30.492413079975613 60.49241307997561 90.49241307997562 32.18664881677553 37.2366396679999 67.2366396679999 97.2366396679999 127.2366396679999 84.90626616183798 68.39325846918175 98.39325846918175 128.39325846918175 24.261001459519132 54.261001459519136 9.790522611544269 39.79052261154427 69.79052261154428 99.79052261154428 129.79052261154428
180 78.6565474952741 108.6565474952741 25.021001034154573 55.02100103415457 85.02100103415458 105.30161135941441 135.3016113594144 165.3016113594144 180 0.6980037365567204 30.69800373655672 60.69800373655672 90.69800373655673 60.682038424781936 74.87759234638511 104.87759234638511 134.87759234638511 164.87759234638511 180 123.3224372711024
180 180 106.47814497752078 34.86762792736751 64.86762792736751 94.86762792736751 32.98312381831781 62.98312381831781 92.98312381831781 50.21495088176979 80.2149508817698 40.789161258859615 70.78916125885962 100.78916125885962 69.37703025598881 99.37703025598881 93.15538075149082 123.15538075149082 151.79180538063255 180 124.53221987887756
180 180 180 180 18.481543275950116 17.09481070569265 47.09481070569265 16.275382822348888 46.27538282234889 76.27538282234889 51.88635313213448 81.88635313213447 111.88635313213447 141.88635313213447 116.90446658678744 146.90446658678744 127.60478960824086 117.4160047233535 147.4160047233535 177.4160047233535 180
102.97274286676415 132.97274286676415 8.185590276751263 38.18559027675126 68.18559027675127 98.18559027675127 128.18559027675127 105.31150011606103 135.31150011606104 72.58510950947574 102.58510950947574 132.58510950947573 63.87563043147162 78.34410601837834 108.34410601837834 39.6115948695335 69.61159486953349 93.80049720257271 123.80049720257271 153.80049720257273 85.0623053950135
180 22.74246701121205 8.144574944272986 38.14457494427299 68.14457494427299 44.181482313931184 74.18148231393118 104.18148231393118 35.988490085275714 65.98849008527571 95.98849008527571 117.84175814561166 147.84175814561166 131.96003020354902 161.96003020354902 111.21159246317623 141.21159246317623 171.21159246317623 180 180 59.569411737342705
180 119.82566784274857 149.82566784274857 151.83891749735753 180 103.22810008235722 41.64539486898108 71.64539486898107 101.64539486898107 131.64539486898107 161.64539486898107 53.5905748874271 67.49800348399148 97.49800348399148 7.764373158847047 37.76437315884705 67.76437315884705 97.76437315884705 127.76437315884705 35.725095193735044 65.72509519373504
3.568092322190126 33.568092322190125 63.568092322190125 57.261098849050654 87.26109884905065 117.26109884905065 147.26109884905065 177.26109884905065 180 95.46649113136833 125.46649113136833 128.42040900882643 158.42040900882643 3.7271450448652343 33.72714504486523 63.72714504486523 30.22488016360296 60.22488016360296 90.22488016360296 120.22488016360296 150.22488016360296
33.26600649390464 63.26600649390464 93.26600649390464 123.26600649390464 153.26600649390463 14.854722570450821 44.85472257045082 74.85472257045082 103.36960744461882 133.36960744461882 163.36960744461882 180 180 148.3862806501877 178.3862806501877 180 180 39.786384386097765 69.78638438609777 5.017274136450833 35.01727413645084
180 180 180 137.73908227730496 105.0227594280405 31.43159589368855 61.43159589368855 91.43159589368855 121.43159589368855 151.43159589368855 180 33.51429509749269 63.51429509749269 93.51429509749269 36.97874504453763 66.97874504453763 96.97874504453763 126.97874504453763 156.97874504453762 54.1546468670774 84.1546468670774
180 180 6.374033355056907 36.37403335505691 29.08129058799937 59.08129058799937 89.08129058799938 119.08129058799938 135.5973357296979 132.78861972300018 137.8748678754705 77.25914125725464 36.31266803577062 66.31266803577063 4.991493616496161 34.99149361649616 21.592968614722356 51.59296861472235 77.2729589461952 107.2729589461952 11.222377147166075
180 180 180 180 180 46.06489088662381 38.897797176211306 68.8977971762113 98.8977971762113 128.8977971762113 158.8977971762113 117.0783475209488 147.0783475209488 39.29675765859698 69.29675765859699 99.29675765859699 129.296757658597 159.296757658597 180 174.3192807620656 180
180 180 134.395242342486 43.71069872833481 26.890390637173113 56.89039063717311 86.89039063717311 116.89039063717311 146.8903906371731 176.8903906371731 128.1050948833571 158.1050948833571 176.5451373109365 180 46.688688417087846 59.170301252597774 89.17030125259777 82.48637736698696 77.16107767354134 107.16107767354134 127.17978238458704
180 13.40010837267425 43.400108372674254 73.40010837267425 103.40010837267425 133.40010837267425 163.40010837267425 38.44235077898122 68.44235077898122 98.44235077898122 34.77320599942662 64.77320599942662 15.562156885226841 45.56215688522684 6.3559697908797075 36.355969790879705 66.3559697908797 70.33588511774684 57.04319402111133 87.04319402111133 117.04319402111133
93.17127927359788 123.17127927359788 5.559156702873285 35.55915670287328 65.55915670287328 95.55915670287328 62.100426416737754 92.10042641673775 122.10042641673775 5.530285556613572 17.7750861524161 47.7750861524161 10.39713416832042 40.39713416832042 70.39713416832042 100.39713416832042 130.3971341683204 143.44533063460014 173.44533063460014 180 180
6.397741228229177 36.39774122822918 66.39774122822918 96.39774122822918 126.39774122822918 67.57281641881966 97.57281641881966 127.57281641881966 157.57281641881966 14.298983084711141 44.29898308471114 74.29898308471114 104.29898308471114 134.29898308471115 164.29898308471115 118.11231639482872 148.11231639482872 178.11231639482872 25.097031901040438 55.09703190104044 85.09703190104044
177.02916285033257 180 180 33.318317629123854 63.318317629123854 93.31831762912385 123.31831762912385 153.31831762912384 21.85468136904399 51.85468136904399 81.85468136904399 111.85468136904399 141.854681369044 46.61614930990088 76.61614930990088 106.61614930990088 136.6161493099009 166.6161493099009 180 180 180
179.68640411309906 180 180 103.14027787089913 133.14027787089913 81.34870650429725 111.34870650429725 141.34870650429724 171.34870650429724 35.63063797189952 63.74058411072613 93.74058411072613 59.06651345326221 89.06651345326222 38.64181016462378 68.64181016462378 98.64181016462378 57.122188905829894 46.480228415569364 76.48022841556937 106.48022841556937
180 8.931836543552185 38.93183654355219 68.93183654355218 50.11151992536575 56.63380829753973 86.63380829753973 116.63380829753973 141.69148031391504 47.028801985197546 77.02880198519755 33.970318445772236 63.970318445772236 93.97031844577224 123.97031844577224 153.97031844577225 180 174.89808264182537 139.28360612484767 31.316125410478964 61.31612541047896
180 180 43.588028310472346 73.58802831047234 97.44799158394031 127.44799158394031 157.4479915839403 180 177.83610674955747 33.80413108944885 63.80413108944885 10.783173396723438 40.78317339672344 21.549149955538592 51.549149955538596 81.5491499555386 98.82013967760518 128.8201396776052 158.8201396776052 125.60478348424137 155.60478348424135
180 180 180 180 180 154.5349336280882 180 180 108.86053854283686 113.88498277172204 135.97102571831778 68.350952672287 98.350952672287 128.350952672287 79.88418959798055 109.88418959798055 125.81056582904004 155.81056582904006 180 180 73.19032385521064
180 180 180 180 108.56675353425337 138.56675353425337 168.56675353425337 180 180 165.1486712546975 116.29134239762602 146.291342397626 131.10087124024506 161.10087124024506 180 180 180 128.8348411025843 158.8348411025843 180 137.83731803787055
180 139.16065176411115 42.89356176131345 72.89356176131345 4.277753805978559 34.27775380597856 64.27775380597856 21.497819696754977 51.49781969675497 50.034254495481335 80.03425449548133 110.03425449548133 140.03425449548132 170.03425449548132 180 180 8.237796906310507 38.23779690631051 68.2377969063105 98.2377969063105 128.2377969063105
133.50589963733532 163.50589963733532 180 180 21.49652339629796 51.49652339629796 25.69369802734458 55.69369802734458 66.45413867308787 96.45413867308787 92.34740070288143 122.34740070288143 152.34740070288143 1.8396032304657561 1.6782822346912996 5.398028483990918 35.39802848399092 7.748868644550169 37.74886864455017 67.74886864455017 97.74886864455017
180 127.89089172330114 157.89089172330114 180 98.56010375396394 48.58612098072443 78.58612098072443 54.930246419783884 18.018774742029343 48.01877474202934 78.01877474202934 108.01877474202934 138.01877474202934 1.9125790589475677 31.912579058947568 35.83062754729013 65.83062754729013 95.83062754729013 125.83062754729013 133.22271837334304 163.22271837334304
180 103.68836038347537 72.34621106219362 102.34621106219362 132.34621106219362 109.46447861871847 16.826379595107184 37.67140300749964 67.67140300749963 89.46489555119612 119.46489555119612 149.46489555119612 179.46489555119612 180 180 27.547554248563376 57.54755424856337 87.54755424856337 117.54755424856337 126.67146085112418 139.82738362507223
114.28669898743308 7.969699589475239 37.96969958947524 67.96969958947524 11.438631279126167 41.43863127912617 71.43863127912617 101.43863127912617 131.43863127912618 161.43863127912618 118.65851318876082 148.65851318876082 102.55554024447844 132.55554024447844 55.70167101598982 26.929238662332054 56.929238662332054 86.92923866233205 116.92923866233205 146.92923866233207 176.92923866233207
13.683602185461528 43.683602185461524 73.68360218546152 19.511982197630353 20.665079053144318 50.66507905314432 80.66507905314432 110.66507905314432 140.66507905314432 170.66507905314432 23.969575728048905 53.96957572804891 83.96957572804891 113.96957572804891 18.83462721727788 48.834627217277884 78.83462721727788 108.83462721727788 138.8346272172779 168.8346272172779 180
45.95133927269202 75.95133927269202 8.939645561685637 38.93964556168564 68.93964556168564 58.19964133628814 68.4326232481976 98.4326232481976 117.90059799987834 147.90059799987836 177.90059799987836 180 176.5609809038392 180 180 180 180 5.829750549114716 35.82975054911471 65.82975054911472 95.82975054911472
180 142.5685130308571 86.2337996536452 116.2337996536452 146.2337996536452 176.2337996536452 180 180 97.33933760583709 127.33933760583709 157.3393376058371 150.31054587644078 79.24327613292944 109.24327613292944 139.24327613292945 169.24327613292945 28.182332941956258 58.18233294195626 88.18233294195626 118.18233294195626 148.18233294195625
16.597860428595112 46.59786042859511 1.4774416698307524 31.477441669830753 61.47744166983075 23.465426908460508 53.46542690846051 25.743709380141013 55.74370938014101 85.74370938014101 78.81522663847466 108.81522663847466 28.872496193452825 58.872496193452825 88.87249619345283 118.87249619345283 11.328110586899388 41.328110586899385 71.32811058689938 101.32811058689938 112.64485334389897
180 172.0914119996882 172.95601258517496 154.91910752027096 152.68077538804968 180 61.51837500954328 91.51837500954328 121.51837500954328 37.555120711045824 67.55512071104582 97.55512071104582 127.55512071104582 157.55512071104582 180 107.32320484456297 99.19971360322035 95.50375677760898 125.50375677760898 104.63018120665316 87.1604508759727
102.12176142544301 132.12176142544303 130.66015622610672 31.434854949966997 61.434854949967 91.43485494996699 34.77899586142242 64.77899586142243 94.77899586142243 124.77899586142243 103.83219576146985 133.83219576146985 23.028680175339673 41.587339959737264 25.055807332158118 55.05580733215812 85.05580733215811 115.05580733215811 15.69894364038024 45.698943640380236 75.69894364038024
121.99699382527226 75.32998569323804 105.32998569323804 135.32998569323803 133.3170190635859 163.3170190635859 180 54.446258446371154 84.44625844637116 86.58116687768121 116.58116687768121 68.34956544889287 98.34956544889287 67.80491621158839 97.80491621158839 127.80491621158839 47.99051999186585 77.99051999186585 107.99051999186585 137.99051999186585 167.99051999186585
69.25539488928666 99.25539488928666 129.25539488928666 64.3261979583949 94.3261979583949 6.703578532273635 36.70357853227364 66.70357853227364 96.70357853227364 126.70357853227364 1.699532079347561 31.699532079347563 61.69953207934756 91.69953207934756 121.69953207934756 151.69953207934756 180 180 180 180 180
180 153.37415939092477 26.429123167338528 56.42912316733853 86.42912316733853 116.42912316733853 125.13709890176483 155.13709890176483 112.28791737039349 12.439228808905858 42.43922880890586 72.43922880890585 102.43922880890585 132.43922880890585 6.166568279689693 36.16656827968969 49.736777134371664 79.73677713437166 109.73677713437166 101.67706726404641 15.829110944262958
180 180 8.959233228878748 38.959233228878745 68.95923322887874 98.95923322887874 128.95923322887876 61.71844241404737 28.71242448620128 17.24104348956519 47.241043489565186 77.24104348956519 107.24104348956519 137.2410434895652 70.19360837210387 100.19360837210387 130.19360837210388 160.19360837210388 180 180 180
78.46176736827199 108.46176736827199 85.69445882790835 115.69445882790835 145.69445882790836 175.69445882790836 180 88.0012327152488 118.0012327152488 12.24982187118174 42.24982187118174 51.85861763905191 43.67973460368658 73.67973460368658 31.37808931026963 61.37808931026963 91.37808931026963 103.13398259179468 63.972494590447944 46.13721259972684 76.13721259972684
180 180 43.03753620751056 73.03753620751056 103.03753620751056 133.03753620751056 115.77345586661819 145.77345586661818 175.77345586661818 35.27304345705906 65.27304345705906 95.27304345705906 125.27304345705906 66.99737692707598 33.47873653914961 63.47873653914961 87.49468344804973 117.49468344804973 147.49468344804973 177.49468344804973 180
180 12.45453214979964 42.45453214979964 72.45453214979963 102.45453214979963 132.45453214979963 15.928593677010422 45.928593677010426 75.92859367701043 44.49327613635734 74.49327613635734 104.49327613635734 102.02726787471998 132.02726787472 162.02726787472 98.86754361356914 128.86754361356913 158.86754361356913 45.93990915933597 75.93990915933597 26.21667905931822
170.91248994732368 87.35916212074032 117.35916212074032 147.35916212074034 177.35916212074034 180 177.85552990239947 180 142.0284068829447 120.84740156178715 150.84740156178714 180 180 92.99861751500123 122.99861751500123 137.41133659430255 167.41133659430255 82.99880928014994 112.99880928014994 142.99880928014994 80.90245359306542
148.28170654719662 103.7178290507312 114.53650698637635 144.53650698637637 170.4181695097948 128.06900645447269 158.06900645447269 180 129.53402998934865 159.53402998934865 144.30486847600199 95.66427166071566 125.66427166071566 16.64481904497089 46.64481904497089 76.64481904497089 80.41292828908726 110.41292828908726 132.5789411802391 35.69269070162147 65.69269070162147
174.50779704691584 180 19.21105993246139 49.21105993246139 18.10793147187235 48.10793147187235 78.10793147187235 14.291367427970027 44.29136742797003 74.29136742797003 104.29136742797003 46.875683223133244 76.87568322313325 106.87568322313325 120.15340804124361 150.1534080412436 144.27517856841476 105.93530455819014 31.85695837273044 61.85695837273044 71.56622488983821
180 180 180 61.418835632941246 91.41883563294124 121.41883563294124 129.7606424462029 28.911454024172933 58.91145402417293 88.91145402417294 118.91145402417294 148.91145402417294 178.91145402417294 180 6.820498741197256 36.820498741197255 66.82049874119726 96.82049874119726 126.82049874119726 127.99304996798193 157.99304996798193
