50.93170581541652 80.4341648075413 281.67763218845596 233.95737664193933 206.96435415254732 72.88753768973062 333.12457571037635 142.1379182750693 47.05315452555849 207.60918951287934 242.75198809461787 196.95107703662737 359.29016275145295 198.39660184988918 258.208203932526 66.70554338820347 98.37215666582436 341.99920033481516 246.7634063069198 336.9075895597114 162.3492231454934
77.574246171035 308.62203627826915 262.6796105464132 23.690229672707854 272.56846526218874 64.01800611956155 348.8000089828583 134.55629270928486 5.999495569392734 158.4666828798735 344.10546978259333 147.66721838198683 46.65689338277645 6.222227918429204 4.5053287259598696 35.888965607521996 326.4579380168095 197.1902733906006 166.5098581605098 185.58552778807757 299.04702433929367
191.90602645383152 272.0728230427008 111.22711547020381 259.6201284567127 334.23376780868216 135.49283587915883 327.34920096036694 252.60603168809845 90.20733054303366 233.43387794577768 173.27014627355382 103.78735823719686 172.14391226576566 232.47373029016836 69.13734609151649 213.57758532778797 290.6440129263721 93.27594431254678 76.0154453491607 354.59056412949747 159.8852341245114
17.853477716359762 258.8497888958535 92.51997461656748 340.0612367344484 36.6433970628335 140.16003024489774 199.53710781156397 285.4490769073038 258.87490816106333 229.99886715590273 307.3021704604343 358.3835911917571 11.117898562714284 164.76130365267252 25.22341300161448 189.89926487505943 89.05806465171045 293.61186465691793 46.32992483338603 242.04633500750617 232.97793030227538
61.94549417655529 263.56864418665447 327.4877266518729 326.5767577644964 29.247896608631258 250.13798245208577 48.10818324970231 351.96909349893815 155.31507267096717 239.76010435278798 177.05958658998583 0.9504780669288326 105.53770789923047 104.31082403616597 169.068671546841 88.63674825395822 293.3571799370835 51.59171236086875 169.64375889550354 86.07248345028505 227.77390098782092
324.01775287676685 197.67300109337725 128.63066590035902 239.99224842430905 81.68072949614182 106.07750926912787 105.48923188513245 89.97471849389117 157.1694214015701 168.60213211441535 115.05111486048693 40.80812555972973 44.40569836816791 261.6570992811339 197.15253995453725 257.55554705890097 6.711667806067365 351.70209977018163 351.4807714886628 321.58019504553727 283.6554590472605
286.00158675458454 345.8195933786441 279.16354615572135 96.57058236253667 162.09838112721957 35.89813619602354 161.55753922158578 188.07382180588252 21.216353765227254 21.53049294764818 145.30528895897606 217.3531823853951 326.3599953308477 200.72540332161338 245.44039234819934 110.71264413207855 277.1157306891953 183.67892628386775 0.4482844845013334 16.11188172790156 114.65977557891968
58.210873909804775 144.80037755781854 74.77669215121577 217.44750840718606 60.419027455869994 292.0648638697326 256.35644105185025 73.36685567345248 192.91205029137225 33.43699048546235 69.76964987303279 232.7293005744515 142.34534048663323 250.77741096586666 260.52656210901023 126.81470465895092 77.38320132524323 358.76905565964995 305.3989678679319 315.2177529004955 155.41407213145956
142.52337007907747 295.92628382015374 332.14164938153147 236.81856988648005 235.02831398845694 95.91493194157017 178.23138658596892 255.83058873549376 58.72444627788503 59.67815110542868 63.757065158298175 337.5422465624346 202.07329518622726 349.90554578015144 338.45336416684245 172.15812826025908 333.08002367130103 216.08301919883706 127.29899894973255 165.6104531993801 95.40046497598212
202.42812238312547 210.3400721236018 292.1418697160806 327.74130695922474 91.64233298136412 319.6974693731984 120.4028276774087 65.8353824480268 113.52158737776632 214.128723972888 304.25074442133973 33.46310756127672 284.22021505116027 199.79984524939061 67.0550590655288 346.0831190884479 115.44964884601465 191.20452768260103 276.53880874271744 111.9550248857606 284.16053360187686
181.72584124002827 261.6663617955402 19.418702704606456 31.62399881375652 313.0894721383288 229.40920824089727 169.2671833385124 130.57876762212402 142.0706493378016 104.05002609623612 31.70392781539909 164.24614840865047 55.67130977130813 131.33502716039027 181.88313258988845 225.37913227620112 287.8740824964557 55.10238705272214 337.1289624070283 15.985450873334432 335.02895851640193
352.61263701164006 293.8776101881399 189.46909306766318 343.67802837483885 221.37098059878565 315.7691034036569 38.83963316063217 242.47045381225794 216.80390645326477 59.67089551703411 318.6965825246988 189.88123682103756 329.14442624033956 323.8342596046016 105.00596214154893 227.2268896595052 77.13087168379109 190.37154958626954 260.6895570639775 113.49189687978914 257.39941244848393
14.375963177259958 257.1089475702984 206.89125283597667 203.93305304064464 173.59227964364948 56.65769856075271 185.56855078237217 256.2547882489114 293.29778511621515 289.3052350973322 55.02759463475058 185.70083032322574 190.9337059674724 355.6382604628955 92.88947599626418 139.74887736055393 191.49400866927135 181.46889224634327 303.36577723673895 122.52416321393585 36.93001428480299
347.9590561545994 333.3276499944642 93.49437706700441 204.475308037623 224.27301645426925 310.0231313020048 87.6605937146288 44.52381481944207 348.2418220107794 139.46212438473245 71.43186838709708 23.880417837804725 194.89185773088926 89.81426025119961 152.6055962461904 276.5742168180418 252.3778432157768 198.40530633356636 9.816036835349049 325.26342091749285 52.266707602472856
305.04033457863676 278.8317743921341 336.6345240768241 162.2970194425799 147.66584856533584 283.03797936849236 52.3257256344442 235.1590264162597 5.152967305718823 126.94103999645267 322.77465461549616 287.7006103445308 327.78749772335027 52.95232236854875 199.35633808658602 194.88916409854548 341.464554192804 56.284121557903724 176.02829701834528 236.14757420492728 281.6300207165591
254.18692771628423 48.40050325956056 337.3258658058261 358.17818077066653 228.73942148063898 237.04418589701822 183.26360647729936 268.323722336995 200.30846537651675 303.25626359388815 221.73880937572414 121.94486048265969 88.03954968647908 144.6887171217971 304.23682654076765 0.8938344196360815 280.50600413482573 140.10667326091493 331.11715876048277 295.4609231739444 304.6517127871622
305.0943575077497 327.82217297223 174.82149263939132 12.495667203856367 221.26228469764786 62.806074864001985 55.50755622167073 278.4119702319067 28.60544449978177 145.448604351883 80.30699858614557 23.63022641880623 125.11935319650458 5.343942592716471 334.3420229124493 41.398558294736226 54.971076726066954 231.19209619920625 102.10253764583656 193.26740031581303 71.32156641110714
61.40003180249165 180.90738628348868 171.19628196938567 32.587839570664286 97.45706440149267 131.4513024434861 234.34419692361686 17.90318924298618 287.5353903641386 83.96424799461667 226.36448528627076 114.78377060446644 98.24166526852966 17.89990186594256 28.62108917770903 344.3523631806388 172.35944580535636 92.94594011728401 317.02020308988165 80.54723727722981 306.75740216799437
116.27625815983579 268.71992281212067 344.69546813156006 271.98097866956783 295.19104614583154 263.8172525102855 53.080390858732315 54.09850430069809 135.83940075745235 209.62223129178957 252.8004279531555 175.6323022824919 207.41947845100398 0.577468454290262 180.2565676369852 156.79568218049818 165.55299287434298 26.904714049968188 30.423906597920002 250.45098468681314 6.438240595875913
145.7393764185747 356.1307651994049 136.01387213229967 326.582842455113 211.9462320087172 71.46803141734323 28.962316683894755 200.26361358867547 341.6028179990715 41.413371108160845 235.59482768349733 161.80816208750187 213.7086165332351 340.92581565172384 171.8249378394897 32.06849876132181 358.5162274248916 14.626521576211235 177.56061092947138 186.0117243267831 346.0872694425683
113.19127345061452 182.73741500008617 126.4524420664285 260.2961403594699 155.33355662455617 181.66550077321614 1.8911984711183782 226.62629442726706 186.82153313666043 329.81067405904 286.92476115202066 40.76710035347214 48.85777481267423 233.63690996917336 332.6346694520456 84.5410157821631 25.136712389861184 77.73638272938649 283.7584332393128 44.658694964633995 352.61089802931383
180.16515417006664 3.9566369864383732 335.69386704459833 274.6256836511337 300.3607285676127 42.26318601798779 4.595316328482335 162.41680925275332 286.51649021617874 156.85093166143642 272.1500037003892 7.698990658711935 44.23396341887469 35.70377346949662 20.639719735490523 119.16224695971 322.967079078972 167.45803729582084 235.72737634793484 77.39098344090084 217.4134294780314
21.106691425477294 20.50505126956559 232.3584607341716 283.0317513789167 138.9485677000914 93.9126146588531 279.44357439605596 119.20189044040183 98.90630975188306 209.56931500992084 55.09352849553607 20.72192140009028 238.1049392599408 298.8042438504996 71.4098200692576 191.17294613980056 243.77691969522556 42.08422215442769 34.54962209570015 3.421621836081856 17.044572227297014
216.0516484159111 188.90555354951138 263.6749047701873 139.22725095969517 287.0514882900909 93.50388261609186 289.4841591280101 138.01099750366723 123.14382200690996 102.35648707174806 327.50656198933194 114.1255176871749 329.4035751994909 250.43597301680038 83.2410204698256 104.59220634804133 45.3041295164394 248.2887333267531 2.3399428073442907 75.20107462199687 99.89019848456587
80.30560821786327 136.34054663200928 42.63497671502894 191.16934257555636 339.93854564207913 64.96715345101329 52.86267382673296 219.194775525196 82.27056941558448 92.08227148644097 51.22597966352308 81.84461778964705 185.43589212384228 250.9663815706537 104.9628393775907 44.01415731581531 130.25661449840578 284.88966601103033 339.9186874365468 2.349446562304016 55.071557349524404
194.63622530170898 149.47326477088416 267.3209519202188 205.5410016648523 17.917076831215702 316.50575954542546 185.83056925616404 357.1667033108361 163.31359595321388 281.8039908192269 318.2397079731237 137.82762010849328 59.780165505947295 126.85693341254762 335.06337920195585 308.73397241059246 43.89866189861597 333.4988147844261 353.9187125899788 20.277112495145225 155.07164812394558
308.9511335798571 277.3967645470148 137.43067260886644 92.59120004911354 94.49344566805024 22.547376257798504 65.41565345318804 332.2178949644617 321.05568912555105 274.50519419950865 227.16884524293692 96.58055545582567 215.16399759784738 227.82839986271767 98.50001008461008 195.55468037173438 344.01755219849036 223.94528555191104 127.80226581408219 309.04299918302377 27.124153990315417
184.2931611625359 223.11204331175847 182.59327219480974 184.77327253311037 161.43556763242887 250.28494664871567 14.221875564311812 286.51469375653613 177.39648490939624 276.73738407683027 358.55444089749534 204.0503147498601 78.47328044019329 357.7112394328274 327.66964729346984 72.7498941606082 113.06742336524466 191.99106649531134 341.77030571787634 114.82074417728936 14.784553514516553
289.19422381190975 254.11262598038184 303.02257214115315 344.8435129170836 342.88293244414956 196.77323735093807 165.44664164079632 43.649787302322636 19.6823319857411 207.45813101310344 46.03590826874324 150.34673077010382 132.71430137735908 258.0879072746024 227.94200711901914 22.80137720092199 65.59518801543742 48.88610739591484 211.0687395273662 192.03877626901505 82.29125256114153
305.9865081657847 60.36637459426999 286.7063326571417 94.19902034781464 19.02747445373273 89.60969412312046 324.9980027215507 148.26718911865493 324.9766728588343 173.7187460891486 308.04214447334436 307.7744128045152 152.75611042244955 217.88333221352474 8.755669819918332 63.80301230285266 352.1095500536324 288.29912049282 306.50113459934784 182.00117763518145 134.16615300942698
77.53382676688477 138.90240325670888 264.76519712296636 136.12711452161477 52.97863845788831 203.826932140168 313.73281328121897 163.88172871169337 74.71289304756841 262.75299118189054 165.3075461908461 84.06804581046777 342.9390555013629 262.0512917711713 311.0637964162256 114.51955808657488 9.533012710415822 301.0589550718626 299.3458383672995 184.64323301901445 200.94510700374448
258.5849894538025 330.81858884076854 200.48960927553728 248.68274649006256 6.931142662089584 132.84370621715928 12.340623489087905 240.5952968701954 185.9141092996131 263.87368007411453 164.8011940282656 58.939917741395426 296.3503703345146 79.06344132948416 337.9613369096484 257.33671216830083 324.16985464395765 164.430970744577 343.83073462229834 239.49788493887556 135.30192053438893
113.93258046604154 179.3775160135702 15.868519137684999 63.77136266825214 218.4810640653571 175.56913457434678 161.3450707275332 200.84098180475664 40.34984111805167 335.0819288933884 85.3199684545328 243.08009020722986 59.60457289605542 313.5079232244215 234.50477592242734 317.0249224957382 108.38496244503297 348.11395481762634 290.3838907551937 103.33181717483212 175.99307876429341
295.85467475118963 68.19574729773429 296.5549981716733 182.18793036859478 109.27670951398163 36.54004882795657 30.72799307721528 35.137996115581636 352.3775574802304 15.41376308219137 287.0172839446836 274.79209979270587 304.2895660654802 112.06981358059998 274.6585754176456 170.3867943758085 158.16926971571866 97.93899067240451 139.18606686630426 221.42438971514642 57.378378288691806
91.06157073299829 96.02108547193953 214.16528945850334 288.3127257828766 347.5186559845558 132.5587512721747 47.095393253719884 34.65030646722198 165.73990841218003 186.8553198766954 259.1707722722718 241.45859982580916 266.2708521210895 185.39255136431268 224.6686912553303 63.289239361772914 111.74430354992452 87.3806341441594 77.4231119138349 220.41038923858554 0.8313969854490022
83.31246039166741 261.09832102045743 23.7748676432247 189.5699433099831 259.8370868014577 224.12663206925956 243.47270919383746 52.73918734843111 266.9676693555069 250.31081686032388 40.0448852803971 14.754795679791988 89.06128948464702 347.34473433614005 298.9291102904452 210.37303511588613 87.5306668168774 65.06700078198277 11.382246422242556 103.00196468596008 0.34761323576396386
241.10952069639657 38.224052488630015 358.19021558811573 220.43734936324992 142.57068871683978 200.56391398089022 310.90181104997316 164.66062750525623 146.61035389671568 285.40256251031917 84.22637278484501 85.2650908960333 307.22133259835823 359.7108638001374 139.42599959577552 124.97693849479839 267.1196929727608 352.5514363710072 351.95503452904507 184.16775520605685 175.2112376546825
298.1410347945124 32.72778090797218 53.78524797504214 214.85370170586026 335.0867914216578 196.16616388059518 308.149841240762 132.89737729547926 110.4311607518868 308.6908080433508 160.25098314682202 256.4490956833079 191.01015163170058 227.03465561724818 166.47340431160623 52.1294321682891 234.77124514605939 231.62857857543318 112.49618660956122 22.04876530687163 173.3344651274335
225.68373739096293 224.47107652087777 168.36599918160306 80.88768292208809 88.06214598063292 192.39834113950596 187.13993460711038 73.55293454809024 191.32926887918507 331.0689670588603 273.62421027417173 288.0138559107094 333.70781816200946 244.20251304175133 189.72470852338512 68.05312544681196 225.84683817816415 292.7098533410325 253.24260791040797 208.71980480636458 211.26811296440567
7.986954323003181 347.9675952348866 332.4942102439104 215.35129644465243 231.0180345269089 38.96169095759659 182.26833922869903 347.881424233959 283.5690751494641 43.74565571596865 49.6587588207196 347.9749994406366 219.81256591120584 182.8838023424943 104.49106915780109 81.49694106594285 1.1639166596952943 159.11358443117902 228.61006360170637 4.810654431931902 212.8989242063401
25.756225477176837 33.1755988525961 206.8431128979034 285.7115024303373 319.30340807807147 350.26663935463563 309.7563394236002 128.64196064744823 128.13335255215216 25.918101986220957 140.5243267539865 129.93076688888144 218.32615554557833 175.92088140704 136.69958723399532 28.143371297826963 309.43511058119753 245.92897610601432 17.882644770149835 3.9490059794039034 154.32658629422144
72.94173737056904 202.65206955332638 345.5167714082597 340.1316165334073 146.35784949082014 190.87949535896226 349.81931016480485 288.7116021134384 264.3209900119803 89.35598572920355 324.92139971809615 339.92432112638215 197.680721331339 318.90721002857504 100.52921581725546 39.554262973189594 105.87452634786764 12.284881757353032 247.96711739965923 243.872356001772 49.5541613315196
113.6722513140126 212.02278399071014 258.7151443684666 130.7889137222832 50.09299751778872 348.98593241646245 161.7961291192286 268.8506351546017 140.4636507065043 215.49534179764606 46.88613607430431 290.9984498973064 33.865599251024314 238.33461653545527 345.1560089429898 1.483906095586085 340.31012015705346 244.44313760122756 314.53031772392507 356.5586860719966 289.534361660701
61.81689555963618 54.254337539657854 190.41820887768674 184.8495637866637 229.9881550774848 343.6314341707576 102.56855848114797 148.07841374164556 138.43050416147594 234.28635122481612 108.57138543086526 154.36035628613413 51.45011717706894 120.72184893261746 301.14007292204286 248.73991336326517 246.25964199811776 44.18746543673506 292.4628699206226 74.76800803610915 73.05511169047425
348.0154628972393 320.3441607582893 11.035763515608608 284.3115270797597 68.23941608099486 29.474962849447657 127.1469619021107 165.59511845605124 284.46707273934067 103.57137463049628 251.3758851631913 121.15882266811563 22.75011301713569 7.462412621416639 326.8687992354734 143.70195567082888 316.6234063645608 313.6401676099536 176.84803647684384 199.5100424204487 128.7091532755651
298.3481789894323 269.84018239095656 325.1326623197488 281.01274469545336 246.27877776092964 141.1607527898524 279.5333566989044 222.69747143958318 313.3672303091424 219.27354961894596 15.605518662793227 28.83336252038715 267.33623197568033 158.882385256784 77.91933288294064 192.16585831263012 88.05314146411098 155.6829701937233 168.55756489172057 157.94972128166899 163.57369183445567
35.75779556331754 227.42562587959554 226.4192059671199 236.05935815708298 254.7678192380261 280.7059646486733 225.56668725408818 272.2255307776467 290.8898513269537 351.4040012626573 212.708413635822 224.01381492861444 243.59862091970234 160.14316722125426 80.74782519798812 206.61757631491858 169.97107429871292 98.46838114124157 41.7262972638167 208.13956037932903 27.969900467691787
150.3846083139383 233.64487028490086 254.8451402444838 81.83076721091139 29.659728198024617 46.27029766396852 153.88031270852957 57.90231720695254 93.10113183887107 359.5703146850626 254.5834657950989 94.69210882250505 66.83297312135096 22.238548929871122 287.6341961315422 312.0034841827183 103.90088768405276 356.4658136297554 192.92642389377463 280.93405668567465 127.60422019005294
222.3230284938407 260.58773821978417 131.53502829581828 29.920221804964644 353.6292953005738 12.738348617612054 316.1959079008788 158.6515888955248 136.6456441312835 167.76974797488367 234.35393022032966 143.95098926898217 319.4579658494811 226.88906154180944 119.69338312148454 2.5334004691969714 143.67905300815798 75.76817053243094 269.9219128745954 112.494999017404 215.92861030081653
291.07389876744134 53.25799830545912 112.82617561742174 76.74681989923864 18.736122923342627 41.87952214058994 8.849702897176401 113.63603739454543 100.29135580535126 201.75765184368728 352.4274543401615 345.86146113358643 155.4648768528921 75.50818725867971 10.298111645733137 49.939474694016916 322.852856571127 130.6204286463655 70.19352257940425 253.5380774371768 205.7782783527346
178.64399743454703 97.5775603410183 282.4088682987645 233.15035225600647 101.31091958583063 49.843352125642475 39.81913951709379 311.6244487640359 213.6151258249684 345.78152080425724 18.42745574561906 168.29077926459715 236.6397042735566 167.16146195638368 332.96639456525844 233.67759990641005 79.67949256767862 272.9758190585383 346.25229739823163 192.36675427199037 284.4748539970549
172.30465112473397 178.75490129886646 111.37606002407594 157.68191553254988 235.21860622057517 236.88303937273747 53.653646022438636 270.33139118036405 151.93417597899202 78.51362159729835 64.29368576357373 219.4113167499969 329.04329361089816 312.0151744941757 55.37219773276608 346.5085790064001 333.47927739301355 20.391864710316682 352.02690830568605 126.92010575941565 20.106049666104692
190.4566606763162 232.37641440932438 38.7060305133971 14.746200484646966 299.9429829552707 151.09342158682256 166.46737770763409 105.4584407372572 20.18175448695019 203.71415686057185 322.8370250167665 287.63139737926025 339.8887662530754 352.739267751462 111.12390672710605 115.94902540016977 200.01905456429515 19.817146288887294 85.75922649732273 35.91563717535771 147.90258828911692
316.4367338998844 237.66652820674642 85.77438370983576 341.6082172162227 73.89465736464068 125.23729001931412 235.2030644072689 211.00116762908635 291.06474284684873 62.08572246544692 272.3291114331838 149.52272720543434 238.16005239289245 327.60292532678545 182.6898169033961 353.6554641037197 219.03307755713726 9.177527237353825 325.2687914468062 194.62247831400236 130.95666155510452
83.26492386656813 347.04340189049464 223.87609628620996 1.8154908878798848 359.1206188866933 107.4450992585954 160.76459684921326 182.23783452302783 3.252050512000264 137.94664200279044 265.86923897093317 16.401391334800095 298.5141280351493 311.7737857978823 159.65623615356313 110.96697500939484 302.21413773383057 176.92283623255437 243.4278278621172 101.7402593115227 188.02414625360151
205.64207200359178 295.530597602344 152.96855911146932 328.1927433677121 4.457547529598842 289.3155162684584 54.04059726801404 13.366626169038934 188.6430585092071 246.02308158500335 95.56037091525664 42.70665270062243 19.955259566635178 31.891630743131536 90.61812466346908 23.262900408366942 257.5519674750946 265.7703970597709 130.50299595814067 294.7640053167127 74.00549952858043
93.70154709690516 221.50752375316713 102.57714254297804 202.14946541653046 271.0942173668473 347.259097800333 346.7376919239402 282.4215414975915 300.9657475709694 241.79288294586271 166.2008119176792 151.05207253994314 156.9280525977265 111.24124442325598 107.30770470875622 117.38661779827062 227.59692134240356 322.1826860785645 82.56434987764638 358.82927905742434 89.01219825770357
75.08328215302826 290.16895023805307 89.99294823005582 289.4601503411573 113.2791835504985 234.0308137453327 181.49503572767702 316.61045227203397 280.126384042238 104.91518700489439 267.3700139736072 299.4536230546376 61.67747770007324 139.44956827020377 12.145442960276727 349.71171460537494 253.69135982162632 101.23251624119668 14.668353721565568 217.32045904436282 244.04928755470203
191.9592562706163 144.90345076028194 215.16734242208543 285.38803827285096 27.976088725767077 139.79069217407243 300.15505026010925 42.33725042955739 17.256561712170956 190.6807633841856 18.561942875533624 152.02623973318796 117.0601730788828 315.87699153040427 276.3714295788197 165.20749367013366 232.75087973574406 149.5555876187162 229.35417777069608 109.63997489220385 137.6289659384459
240.49444461807778 143.9794824149255 57.80690823225261 337.8257541013477 47.53353371316515 317.73518678758063 39.87288158342576 204.19043850754832 188.0090031395862 158.22898791333506 127.001200785623 53.794873870211774 64.61330193561847 292.5635464673966 307.66228020404236 146.60595933096712 129.51900836610923 224.67850899262618 23.941157217331842 130.4481478402155 162.3835184336897
2.0652662590470694 340.0050720730265 93.66890443224351 72.55529025870689 66.90623399379841 186.9667847738917 32.12890295854822 334.5317093693312 259.3049848830737 305.5159336721716 206.13965650026984 63.40449799196381 275.7794015514573 260.5708368999086 156.4973578369931 25.769361650941388 293.65554682892497 21.035866506740955 244.98527522870606 319.06739456540265 319.7834146266014
149.37620638388023 253.4240621600584 57.65756186750199 70.81262325387691 186.77783193722962 330.2802452616211 65.07621563910868 297.02592382362013 102.44464574487355 324.34484140883325 316.40689147401025 260.3495006503091 207.28794357803622 45.25203853370891 184.53597918050676 248.91163444146406 22.047475088623713 260.6338970607055 81.54368980939432 328.21856483307715 238.00793331786156
243.0918464279065 134.81617507653084 44.64978306122796 325.74105584887724 305.8107041520249 257.568700771036 130.93705237687007 184.44430935117245 250.31054153101485 84.63671807005377 257.31400737915294 323.6302222656772 95.39720771582512 31.713700561899497 70.19336075561267 71.05682244535602 216.27055957551002 8.342156996562524 102.67401920096239 292.1766075367997 22.861262342298932
242.84785363060178 294.1946930560946 54.67904569838514 72.49288495682211 135.74231056493068 213.52130481903217 336.8563805899392 163.99756098231072 276.38850717559234 168.7868137610391 94.18676632353164 290.741150834618 148.83663834964764 324.26796990255707 3.570117035132272 48.07976526984152 70.07589210979036 97.24840756585574 337.47648006717543 242.020973821681 345.5194564018318
35.81251774008524 161.22054183820893 32.78125267667595 291.47078296442766 128.36617697378378 283.65047599271463 64.49965901422172 188.0973065038643 57.36846266237146 194.40641329459112 271.5805931176957 234.4115594721627 348.3934472065488 122.24834832686274 212.6747918692463 72.84410927805213 246.8848379418113 138.20380759232373 236.3210567129002 206.9727099109264 55.64401859672347
350.1563449778305 117.50682230775315 122.52342461352333 1.550380004405425 287.27589265197594 333.9335819519039 173.20769390201852 306.0566889259688 346.35092535130127 88.96515380459887 285.53973374935174 7.140645865548976 176.41563845210587 350.863266701231 246.5186505706308 322.5921608358863 305.97459989907463 243.53325591110593 329.07441701232017 257.2696272018605 200.27438213833906
244.40984697153942 77.15041083459289 278.4595423884158 122.71302604870036 100.17248101241958 62.745513614364825 301.30031283215885 237.00279737738364 17.495058131613828 88.64321059941784 221.93971607350733 83.50781632349127 173.28263478606186 156.13320015043175 94.16879184406297 307.62720947522547 183.96977294635937 334.0750934526013 273.0501644332065 143.1265544989403 337.02662210283717
17.32968639464078 278.71112877350515 274.02311827665466 344.827543976085 281.2727263837823 161.05910315413564 153.8354029705244 186.54913096574646 220.968948541244 182.06165462768612 243.45049527669303 275.0188105242823 205.5802031580735 152.20337003422753 145.86386218488008 189.62321487979565 207.4689346538467 226.87878516814033 142.71959047676748 113.92229872923691 1.2826885522915488
306.58615042124126 223.3730768687331 223.55091522467785 222.63014084433473 209.66577612612082 308.32559006070323 93.22961529656016 14.955910380533211 10.892570760523896 177.59426182097843 227.57584651002483 336.23175190251976 336.1821922550936 36.621752872902086 339.2062914648549 163.558617293393 211.00569723620364 129.961692220644 336.4622906242041 200.23079513096224 296.06319206002775
187.1267121640511 282.22456278332123 167.51045378493836 19.584511245365324 340.7129566801522 287.06979873842613 319.2563559732515 18.739991520347846 15.976673318611772 164.8084315346421 121.57048628295513 31.2004713628942 304.3716816426054 295.53210089469604 188.04675928174308 59.38805500835205 35.239438274373036 323.2158815023539 93.3079093018752 34.8770389693007 219.9424838692987
54.40308303085608 260.54135875632244 287.6770404780923 115.73786334148424 323.934296640854 286.98954657510757 274.4585530145974 113.00307922369198 214.93167356511492 33.61837414138293 312.12378422730046 300.7286252469168 328.4987916978758 8.488565121130382 240.3150319917583 235.5304617895921 136.98608977232337 98.67714412790818 273.85200367624145 116.28408689447699 240.43591190737118
93.07562750407918 15.589410210590223 340.6736638836528 217.56337383349563 284.570935578155 5.248549594743364 338.93438774761944 29.360150824599067 306.23001382167325 192.85304821672185 56.481557924002594 232.8197948287425 65.90054640559644 273.67922208907447 31.011880486085445 196.45074236508117 137.75232043052966 219.83215056629646 292.46785648983115 327.2863503907614 281.12742233920324
89.43165405727213 46.00608201060746 72.73842368680918 113.7497882788308 236.14831030871187 153.0340863864697 276.4248435851059 192.81602084756463 310.0385303633689 183.26229756926864 209.21875344656704 277.93014784020784 105.44244049597326 302.937730414045 353.16337612070384 159.631412355762 299.34839673144046 90.4262332662023 36.39504158199479 171.89982041240924 44.29620117425728
39.20956885023027 256.102342329164 186.65542760633724 272.8177970836996 353.79235194181297 87.15812795882619 83.57746160425587 12.392860731385454 3.3599192666662914 17.945359781267555 57.40497610246618 7.785980001637602 261.3553985825719 332.6125204578862 85.03781435407467 203.08230246715533 89.42273833976338 289.80978491125353 199.4466657645542 66.23868576013628 280.04203607941264
33.77649483618412 24.06287575707314 353.14997649287415 162.30998707958605 102.07844058690883 252.58351417929129 129.55976212859068 247.17271146736874 266.5095876093896 159.97554819783494 184.4801787651654 348.3987013233066 255.0499218545095 104.50690222464166 237.10468499531066 204.39177484940384 235.200016262105 158.23492265009827 175.80165056675594 43.43723530584272 241.94994298554172
178.621017588039 34.40469133464414 199.97085541895828 82.61479594359054 40.99114392677825 330.2012698247128 200.7408739222877 23.568973562054296 65.80435813038135 218.2129417807783 176.79195699478578 45.15917768217746 225.82628947761305 98.53122639992954 326.78442695600296 98.57721092004147 115.33559404623803 219.70615747144933 354.4149779998941 100.94957351481878 176.8276009302955
181.02434277840544 254.71511408753597 58.87120327626492 134.02799720826502 225.43180405624872 271.09754680353933 176.61399774936328 99.20289583404899 163.70216379511572 125.15097546505679 189.13206627935926 49.806102835145666 253.65791152834242 209.69807756521945 277.0615311766351 197.89608707995615 291.22028674933466 171.15565312457008 259.1354936887436 206.10911845227412 290.59846622256066
46.80721221902672 161.27399021740712 78.9959786711701 247.9133003844473 224.25996838955106 212.69862059314767 301.8451330770109 233.72471099275415 148.29816071948915 290.24748615773365 135.91891834006555 205.073995954245 253.75477727634654 251.06213998072317 67.75034829806683 320.9649469337783 330.54461315154316 194.39400812873166 183.7427442805012 239.14390179262995 328.2871397495123
273.7246933148059 167.64611871958664 80.79523872813631 275.4332906235613 121.69196740424692 358.5233134440294 236.47477984305743 257.4966074236915 352.1541407811582 161.8735399848255 210.31037948201126 252.78695887514473 73.13573336838864 160.1329904358917 185.39936612872702 317.08893432572694 182.69824531389472 33.46159062651428 351.9015873243947 64.96187172229962 74.92765481115603
350.0452312637848 358.1388971238955 306.47811993107274 76.6612036621058 59.75167362403974 93.59482832948845 168.45440214247603 218.97523943063285 351.93639528404526 117.29133909419933 61.068024916336704 149.99869683231947 203.4922637023517 261.2658839271437 247.478712070114 172.87588546902168 321.9136989163444 301.8939247502831 151.26585211472602 90.38660285629138 323.1865133959942
88.57240945356266 281.86232522557253 160.05490772726017 286.4416072893685 251.13661386228 0.024897208106766655 336.1825594269637 219.45609818405643 11.326825998107811 171.10941917131638 181.21783134786608 271.15352878361557 163.577892125106 324.28441076474184 107.56966997374363 310.7528074270973 230.02935720337638 100.18768044562724 350.6330692326312 156.97753688488885 326.65570787607305
289.23090811690486 241.41728139147904 216.60014129711857 245.67741397156755 308.80220974402624 118.39951136765937 138.759836275562 4.6394227440960645 159.42242993095022 7.166498028745187 86.33723253964381 221.24087679611102 28.146253075460564 196.9932064901253 314.8410266146414 306.90079083653984 11.598158162087909 300.3130367369273 295.74047003502784 265.6413890430029 191.96816885415436
147.64750889156505 88.82485525900015 334.6381863479585 55.116596737470886 343.0539699026187 43.688826302219844 249.44878271077735 226.2429014442151 192.09235308086642 304.2862535802175 266.0782950464727 175.1222606784743 213.19228935561304 332.9585510814927 114.88337026215385 5.734736918792702 117.19604049609339 294.3982701681134 359.10654322863627 311.01983981778676 81.42154328603391
137.71738795968494 167.90767645549496 178.75838403837415 162.81008639943798 203.8455791425626 224.9835504490496 281.0569656582773 323.3195947553127 281.06742081361995 43.540993858320306 128.37336955343804 355.33044126383794 150.69635484577466 8.511277361045213 269.81198820362664 118.81281713209569 4.244437239035004 47.92697313052215 166.4882886298305 257.612534878819 153.47648174152772
127.92536003623177 243.23363571215006 189.51669154401608 355.3388970621803 13.005514251709682 175.9803758568008 25.173318902785546 276.28093233992354 279.88748599901066 231.59744740614784 3.135727395278165 148.78661628210386 53.272231596035866 47.841852863074394 304.5759643546523 236.13808269129905 27.020736725443726 268.1837825031869 61.2150987128855 118.5645701865322 227.42084905900228
86.250037681027 146.85074914003968 278.4557176722249 197.2317773241006 84.985254135442 250.1515790121319 261.20069165605594 112.71892975681848 243.18954264363745 107.08929329899605 118.12324402337009 29.98646069829903 322.2705283322704 87.07254361604586 251.17014689315363 245.06050122489196 83.5329529333475 177.61856454030104 114.81672211499702 17.824571235462273 50.800296240725295
340.8125001678967 349.00410092332066 220.09380870599767 201.35653958382255 126.49582565900816 285.206606339553 259.26988421144057 185.25557935027948 208.58941689081715 112.87456788924472 216.16666606988593 106.84161837622216 270.1139398223674 250.40350120112674 181.24711544425213 39.476318058928015 65.45149821726613 52.70953710089874 199.64777385476512 105.85295077305437 180.2978925852629
285.87275230490405 33.22628673054755 203.56247066080766 147.66177950302685 219.1941112678126 236.68374874880712 127.57876052762366 145.39396571216818 74.29498887713116 128.24167596933316 205.7079652989569 41.826388932091525 110.14379169960279 258.3455801203949 160.82495038132518 35.12743341811335 92.24890382727767 257.92620023804767 281.91234975768054 187.0927758933177 309.13093195198724
164.4198398540549 167.71267410778938 44.2466325862743 86.35058608366735 246.6449591428461 172.16461080074538 17.598585434868443 330.7044790887622 275.35705750642984 330.997195795313 315.6650237163633 144.04159862045108 139.13582245210256 329.26127234843796 179.71335248756986 295.5645085563458 115.11042517136279 167.33367244470034 77.05861701546475 309.63200313071684 227.9494948338799
97.81612058715754 186.22716654816932 352.1818918343644 34.52902135506258 339.4356979116234 148.45484552504035 223.0069210476246 317.53310561030156 322.0256101730592 186.26494291563844 195.33532423238518 328.21970326169236 140.6651183064315 347.62298627243274 226.27876963405825 54.59648745016503 0.568843881327421 166.72096624491226 73.72906957916139 22.929069603388264 292.3171049426172
111.11999457908439 92.39159268696774 239.04921122888481 338.5851599468312 142.99192415294888 327.07260153453996 55.74796913128249 104.91621582569387 266.34129922525983 147.83468925562403 110.19001528226451 272.0209087051397 341.98519732258575 254.98131972420467 215.6900058585612 285.64755164243223 96.17014903585763 323.19134861156925 14.438356907642703 94.61973029165839 210.54467384260622
77.29903429695972 317.19128243156 208.7415564216658 215.14410693598376 260.44065751265794 287.6221599261873 38.24686452522077 131.19273386144204 5.680528441559911 344.2845252258508 6.609829294667309 250.82684166102052 77.18161336763447 9.7354626956013 99.13111284617011 316.40306875168477 34.31939180368806 284.0184547569902 249.90453573025908 163.14974697513782 273.7293324436855
149.1853989514415 225.72875666132694 98.24283561446266 358.43483238137827 76.00139755962252 341.49145296566445 73.09035593011187 20.09155339907221 144.83573038097637 203.38941506023173 336.64120047047237 281.51512032645275 207.30711193639968 342.60306368023333 188.07847364468756 222.4452972562582 321.5080154930097 318.0852278153728 148.10679541083937 16.306293688276206 291.5743478808032
41.053680429041634 223.7166387676586 85.10894977731756 287.14423729354354 139.9577696707309 257.0522640389077 188.54928045773318 238.76925311458982 285.44718997207553 321.57512151596023 323.02638128491 298.18641221149556 191.89509567258133 41.467110681168904 147.42787654772195 306.7378922623893 296.010339482929 188.4480461260868 298.5208701786329 61.17116127856781 321.80971735968444
268.8532969208332 310.31823824888113 306.4713331629229 245.37488037639824 316.976648229862 130.493664319308 99.44830390844248 314.14717919770663 315.0616051502538 252.2409844868136 357.0943507562271 351.8300668119601 51.86897316424106 44.29405486283217 212.1377267971124 281.80202565763045 7.8834539931157455 24.105530308050156 275.86232018013067 136.35348528661464 160.36663601895506
285.9553033286686 352.8975965488036 12.490730982097421 285.88910747676437 91.06387575168498 193.46814891329484 212.72345117314867 300.2644964592901 262.9759687120752 249.81979796656162 72.73389875963595 142.34602192887425 200.90495877835724 247.57216011417512 62.75016240920586 153.37170558980176 305.17673786628757 223.2346494846761 74.65723835154027 3.443680049038216 282.38141416184885
28.883598470429984 299.7801487321824 357.41634721072614 78.09492523955264 140.14825098539782 171.1483422010827 55.93107457300704 2.0237625683075633 309.46390657552905 211.45577340740766 350.6537553497549 159.70607196866047 85.40307808738794 159.61678478272177 82.78116627741399 211.60907885370952 299.446570924769 326.94170053686025 321.83537950334807 59.051878313591104 123.40978559477225
270.5816906886472 31.478527043967613 287.40185019565627 83.24434313394971 302.10426864803566 77.39226202619032 14.080144530040691 133.67246477753542 327.32954734056955 28.232148605087136 88.80372709631867 123.20462912106179 71.29534891257867 22.641906798222035 148.32761628949916 169.15146697985705 220.31096337046466 176.01672620227984 299.42996600458605 196.6801268441777 316.3876741697205
333.5668477744859 177.72245052084514 299.1384158072528 23.545244030554894 97.09137015235218 233.53775614851506 267.1038176176792 232.70452508214515 182.0409778434977 59.80453042581985 201.3467290178838 174.73629344941142 213.37905872971655 50.50045827685484 207.84651927385468 221.58040591495714 338.0181575142283 87.84220517729105 332.58051145685823 11.113243221780898 106.13797625090116
66.82439795505755 72.53605007259337 128.42998818268217 36.21842559875998 52.812510311212066 153.1307600013841 108.80899006450618 248.06273817904375 277.9584709995195 88.24509759083759 181.58657490206429 188.9962179342793 148.20914071512505 2.0718859336589723 116.5292021275717 165.76242032145188 241.55309954171204 127.9451905230388 249.05912941478638 60.46646097055569 238.1932816237135
